[16269] 1
[16269] 2
[16269] 3
[16269] 4
[16269] 5
[16269] 6
[16269] 7
[16269] 8
[16269] 9
[16269] 10
[16269] 11
[16269] 12
[16269] 13
[16269] 14
[16269] 15
[16269] 16
[16269] 17
[16269] 18
[16269] 19
[16269] 20
[16269] 21
[16269] 22
[16269] 23
[16269] 24
[16269] 25
[16269] 26
[16269] 27
[16269] 28
[16269] 29
[16269] 30
[16269] 31
[16269] 32
[16269] 33
[16269] 34
[16269] 35
[16269] 36
[16269] 37
[16269] 38
[16269] 39
[16269] 40
[16269] 41
[16269] 42
[16269] 43
[16269] 44
[16269] 45
[16269] 46
[16269] 47
[16269] 48
[16269] 49
[16269] 50
[16269] 51
[16269] 52
[16269] 53
[16269] 54
[16269] 55
[16269] 56
[16269] 57
[16269] 58
[16269] 59
[16269] 60
[16269] 61
[16269] 62
[16269] 63
[16269] 64
[16269] 65
[16269] 66
[16269] 67
[16269] 68
[16269] 69
[16269] 70
[16269] 71
[16269] 72
[16269] 73
[16269] 74
[16269] 75
[16269] 76
[16269] 77
[16269] 78
[16269] 79
[16269] 80
[16269] 81
[16269] 82
[16269] 83
[16269] 84
[16269] 85
[16269] 86
[16269] 87
[16269] 88
[16269] 89
[16269] 90
[16269] 91
[16269] 92
[16269] 93
[16269] 94
[16269] 95
[16269] 96
[16269] 97
[16269] 98
[16269] 99
[16269] 100
[16269] 101
[16269] 102
[16269] 103
[16269] 104
[16269] 105
[16269] 106
[16269] 107
[16269] 108
[16269] 109
[16269] 110
[16269] 111
[16269] 112
[16269] 113
[16269] 114
[16269] 115
[16269] 116
[16269] 117
[16269] 118
[16269] 119
[16269] 120
[16269] 121
[16269] 122
[16269] 123
[16269] 124
[16269] 125
[16269] 126
[16269] 127
[16269] 128
[16269] 129
[16269] 130
[16269] 131
[16269] 132
[16269] 133
[16269] 134
[16269] 135
[16269] 136
[16269] 137
[16269] 138
[16269] 139
[16269] 140
[16269] 141
[16269] 142
[16269] 143
[16269] 144
[16269] 145
[16269] 146
[16269] 147
[16269] 148
[16269] 149
[16269] 150
[16269] 151
[16269] 152
[16269] 153
[16269] 154
[16269] 155
[16269] 156
[16269] 157
[16269] 158
[16269] 159
[16269] 160
[16269] 161
[16269] 162
[16269] 163
[16269] 164
[16269] 165
[16269] 166
[16269] 167
[16269] 168
[16269] 169
[16269] 170
[16269] 171
[16269] 172
[16269] 173
[16269] 174
[16269] 175
[16269] 176
[16269] 177
[16269] 178
[16269] 179
[16269] 180
[16269] 181
[16269] 182
[16269] 183
[16269] 184
[16269] 185
[16269] 186
[16269] 187
[16269] 188
[16269] 189
[16269] 190
[16269] 191
[16269] 192
[16269] 193
[16269] 194
[16269] 195
[16269] 196
[16269] 197
[16269] 198
[16269] 199
[16269] 200
[16269] 200
[16268] 0
[16267] 0
[16270] 0
[16266] 0
[16265] 0
[16264] 0
[16263] 0
